Example Quadruples (head_id, relation_id, tail_id, timestamp_id, label)
================================================================================
7136	22	15902	0	0
19621	22	15902	0	0
8583	15	15902	0	0
6803	9	7227	0	0
6803	9	7227	0	0
----------------------------------------
1137	17	1137	1	0
1137	17	1137	1	0
7976	22	7976	1	0
7976	22	7976	1	0
16656	2	16656	1	0
----------------------------------------
10829	17	16656	1	0
10829	17	9427	1	0
10829	17	9427	1	0
15751	22	4207	1	0
7763	9	6345	1	0
----------------------------------------
7763	1	3430	1	0
7763	9	2703	1	0
7763	12	14086	1	0
16122	9	2980	1	0
16122	9	2980	1	0
